1.86450726	-2.18335535	-1.62858264
0.54023917	-2.72416571	0.22956011
-3.54526074	2.69820192	-3.31683642
0.4194688	-4.41171268	-3.3588605	
2.01237398	-4.09133849	-0.07023321
-4.16443852	-2.01401046	-2.30240363
-1.26274871	-0.14811444	-0.44209213
-3.29359041	1.90143457	1.64513044
-2.76498377	0.48169401	1.62360327
-4.02422977	2.63729693	2.4012137	
3.70195314	3.16729856	-2.82116917
-1.31748793	-1.79804852	-2.01006343
4.8524861	-3.54960161	-2.67531237
-2.37767042	-2.37827514	-3.22705266
-3.96301785	-4.34991318	3.5248808	
-3.58417958	3.21331068	1.05842806
-3.49278276	-2.41343329	-1.46344841
-3.64514242	1.54442856	1.18179247
1.05406602	-1.64307438	1.23194295
0.60853032	-1.9888005	1.2984977	
-0.65983092	2.47122657	-1.0082042	
4.77457769	4.26666347	-3.15227416
-3.22551653	0.81037107	-2.62933751
2.54393221	-0.1103684	-4.06666215
3.4462826	-3.82234354	-4.9445922	